lastAccountName: Laci444
timestamps:
  login: 1606040234729
  logout: 1606039266965
ipAddress: 176.63.11.120
lastlocation:
  world: world
  x: -206.58310446596602
  y: 93.23311035693473
  z: -41.913482867550165
  yaw: 14.400016
  pitch: 11.850002
money: '99999998769.0'
