lastAccountName: ernoking
timestamps:
  login: 1606045188462
  lastteleport: 1606045323584
  logout: 1606045184086
ipAddress: 80.99.243.159
lastlocation:
  world: world
  x: -248.1250182647118
  y: 73.0
  z: 44.69846470174653
  yaw: -312.33847
  pitch: 37.199787
logoutlocation:
  world: world
  x: -170.95045389430246
  y: 75.0
  z: 207.32791472375885
  yaw: -275.1245
  pitch: 51.300102
teleportenabled: false
teleportauto: false
