lastAccountName: ernoking
timestamps:
  login: 1606045188462
  lastteleport: 1606045323584
  logout: 1606045184086
ipAddress: 80.99.243.159
lastlocation:
  world: world
  x: -191.5
  y: 77.0
  z: -63.5
  yaw: 0.0
  pitch: 0.0
logoutlocation:
  world: world
  x: -170.95045389430246
  y: 75.0
  z: 207.32791472375885
  yaw: -275.1245
  pitch: 51.300102
