world: world
x: -257.6365749201307
y: 65.0
z: 52.05253036834398
yaw: -35.13852
pitch: -7.3502264
name: szergely
lastowner: 5c43269b-6f2b-357e-b7d8-cc83a7fdec18
